      0/49    0.856G   0.07585   0.02859   0.04661    0.1511         1       640    0.5649      0.25    0.1271   0.02353   0.05479   0.02499   0.04804
      1/49    0.856G   0.05504   0.02371   0.03442    0.1132         3       640         1    0.1653    0.2425   0.08106   0.05203   0.01622   0.04195
      2/49    0.856G   0.05041   0.01984   0.02756   0.09781         4       640    0.5546    0.6667    0.3676    0.1009   0.04202   0.01549   0.03892
      3/49    0.856G   0.05452   0.01652   0.02613   0.09717         4       640    0.8164    0.3322    0.2789   0.03661   0.04837   0.01371   0.03506
      4/49    0.856G   0.05032   0.01625   0.02432   0.09089         2       640    0.5867    0.5379     0.384    0.1315   0.05091    0.0124   0.03347
      5/49    0.856G   0.04837   0.01626   0.02375   0.08838         2       640    0.3117    0.8333    0.5125     0.264   0.04755   0.01157    0.0286
      6/49    0.856G   0.04256   0.01552   0.02136   0.07944         0       640    0.3947    0.7136    0.6218    0.2154   0.03677   0.01189   0.02723
      7/49    0.856G   0.04058   0.01492   0.01948   0.07498         2       640    0.7425    0.6667    0.6966    0.2288   0.03746   0.01213   0.02605
      8/49    0.856G   0.03994    0.0148   0.01933   0.07407         1       640    0.4337    0.9705    0.7049    0.2571   0.03451   0.01222   0.02384
      9/49    0.856G   0.03755   0.01434   0.01706   0.06895         1       640    0.4433    0.9181    0.6635    0.3689   0.03372   0.01119   0.02261
     10/49    0.856G   0.03397   0.01409   0.01705    0.0651         2       640     0.394    0.8333    0.7103    0.3617   0.03195   0.01166   0.02227
     11/49    0.856G   0.03434   0.01366    0.0163    0.0643         2       640    0.3933    0.6664    0.6705    0.2522   0.03718   0.01132   0.02018
     12/49    0.856G   0.03294   0.01338   0.01587   0.06219         2       640    0.5239         1    0.7327     0.293   0.03351   0.01075   0.01875
     13/49    0.856G   0.03212    0.0135   0.01578    0.0614         1       640    0.5241         1    0.7327    0.3372   0.03193   0.01093   0.01875
     14/49    0.858G   0.03129   0.01296   0.01533   0.05958         1       640    0.4438    0.8333    0.6498    0.2101   0.04175   0.01161   0.01915
     15/49    0.858G   0.02979   0.01227   0.01466   0.05672         1       640    0.3068    0.8333    0.5544    0.2175   0.03897    0.0116    0.0193
     16/49    0.858G   0.03026    0.0129   0.01388   0.05704         4       640    0.4494    0.8333    0.6596    0.2706   0.03605   0.01169   0.01964
     17/49    0.858G   0.02864    0.0125   0.01311   0.05425         1       640    0.4608    0.8333    0.7029    0.3396   0.03778   0.01257   0.01786
     18/49    0.858G   0.02887   0.01261   0.01407   0.05555         1       640    0.5358      0.75    0.8202    0.4008   0.03241   0.01231    0.0162
     19/49    0.858G    0.0285   0.01244   0.01377   0.05472         2       640    0.5736    0.8325    0.8627    0.4155   0.03489   0.01043   0.01459
     20/49    0.858G   0.02832   0.01231   0.01323   0.05385         1       640    0.5077    0.8333    0.8709    0.4353   0.03094   0.01163   0.01493
     21/49    0.858G   0.02617   0.01214   0.01249    0.0508         3       640    0.6307     0.988    0.8572    0.4091   0.03416   0.01089   0.01327
     22/49    0.858G   0.02753    0.0122    0.0126   0.05233         4       640    0.6177    0.8333     0.871    0.4438   0.03236   0.01155   0.01288
     23/49    0.858G   0.02507   0.01135   0.01273   0.04915         4       640    0.6852      0.75     0.857    0.3898   0.03151   0.01148   0.01186
     24/49    0.858G   0.02663   0.01203   0.01116   0.04983         2       640    0.4509      0.69    0.7703    0.2725   0.03664    0.0109   0.01124
     25/49    0.858G   0.02481   0.01151   0.01055   0.04688         2       640    0.6486    0.8333    0.7882    0.3442   0.03395   0.01016   0.01134
     26/49    0.858G    0.0249   0.01156   0.01063   0.04709         0       640    0.6305     0.833    0.8628    0.5143   0.02864   0.01064   0.01014
     27/49    0.858G    0.0236   0.01106   0.01034     0.045         2       640     0.718    0.8911    0.9126    0.3941    0.0319   0.01152   0.00863
     28/49    0.858G    0.0248   0.01101   0.01014   0.04595         1       640    0.7543    0.8326    0.8711    0.4355   0.02906   0.01056  0.008698
     29/49    0.858G   0.02445   0.01096  0.009606   0.04501         4       640     0.691    0.8333    0.8849    0.4478   0.03068   0.01075  0.007301
     30/49    0.858G   0.02308   0.01119   0.01001   0.04428         2       640     0.652     0.833    0.8572    0.4451   0.02985   0.01079  0.007455
     31/49    0.858G   0.02297   0.01102  0.008973   0.04297         4       640    0.6421    0.8333    0.8424    0.4211   0.03238   0.01108  0.006756
     32/49    0.858G   0.02355   0.01118  0.008039   0.04277         2       640    0.5108    0.8329    0.7704    0.3436   0.03682   0.01132  0.005758
     33/49    0.858G    0.0223   0.01104  0.008627   0.04197         4       640    0.7648    0.9393    0.9126    0.4396   0.03032   0.01127  0.006044
     34/49    0.858G   0.02258   0.01104  0.009304   0.04293         1       640    0.7555    0.8781    0.9126     0.452   0.02997   0.01043  0.004885
     35/49    0.858G   0.02244   0.01082  0.008557   0.04182         1       640    0.6315         1    0.9125    0.4563   0.03245  0.009454   0.00572
     36/49    0.858G   0.02177   0.01035  0.007718   0.03983         3       640    0.7327    0.8333    0.8849    0.4369   0.02922   0.01044  0.004995
     37/49    0.858G   0.02173   0.01049  0.008455   0.04067         4       640    0.7795     0.902    0.9126    0.4563   0.03005   0.01061   0.00419
     38/49    0.858G    0.0205   0.01024  0.007162    0.0379         2       640    0.7153    0.8912    0.9125    0.4065   0.03231   0.01159  0.004362
     39/49    0.858G   0.02091  0.009976  0.007363   0.03825         4       640    0.9691    0.6664    0.8021    0.4079   0.03222   0.01094  0.003259
     40/49    0.858G   0.02019   0.01023   0.00692   0.03734         1       640    0.9134         1    0.9956    0.4149   0.02947   0.01171  0.003135
     41/49    0.858G   0.02019  0.009981  0.006725    0.0369         4       640    0.6082    0.9372    0.8298    0.4024   0.03327   0.01196   0.00296
     42/49    0.858G   0.02059   0.01008  0.006843   0.03751         4       640    0.9852    0.6667    0.7606    0.4258     0.032   0.01159  0.002563
     43/49    0.858G   0.01981  0.009792  0.006292    0.0359         4       640    0.9822    0.6667    0.7522     0.344    0.0358   0.01181  0.002477
     44/49    0.858G    0.0187  0.009487  0.005915   0.03411         2       640    0.5372    0.9717     0.802    0.3747   0.03245   0.01167  0.002975
     45/49    0.858G   0.02066   0.01019  0.006681   0.03753         2       640     0.609    0.9639    0.8298    0.3568    0.0343   0.01159  0.002502
     46/49    0.858G   0.01966   0.01013    0.0062   0.03599         0       640    0.5685    0.8982    0.7883    0.3775   0.03366   0.01279  0.002643
     47/49    0.858G   0.01973    0.0103  0.006319   0.03635         2       640    0.8054    0.6664    0.7468    0.3859   0.03293   0.01274  0.002464
     48/49    0.858G   0.01931  0.009686  0.006028   0.03502         0       640    0.6177    0.9932    0.8021    0.3595   0.03362   0.01228  0.002241
     49/49    0.858G   0.01909      0.01  0.005432   0.03452         1       640    0.9769    0.8332     0.885    0.3996   0.03249   0.01228  0.002271
